1.549626084882620e-05
2.956109367145126e-05
2.977998876192038e-04
2.249298744491217e-05
2.417406950760822e-04
1.756856841078771e-04
2.750224713901303e-05
9.030845051668476e-06
7.200000002879985e-05
2.000000000649993e-05
3.872620274241160e-04
3.872620276389389e-04
3.872620274241160e-04
3.872620276389389e-04
3.872620276389389e-04
3.872620276389389e-04
3.872620274241160e-04
3.872620274241160e-04
1.905764502681315e-02
1.692001240869957e-04
3.314982230254809e-05
8.480298700264238e-05
2.609317525269754e-05
2.868063962873766e-04
1.722165640090068e-05
1.892939882788363e-04
1.116731241712237e-04
2.187888310047768e-05
1.200193488183477e-03
9.321226282768574e-04
5.499014889846181e-04
2.955791847161250e-04
4.995430453329957e-05
1.850876835540383e-04
2.034414401590473e-03
2.351427408706024e-04
1.077369234408748e-04
2.044502697676449e-04
1.354275131288546e-04
5.558977453778338e-05
3.465579319663571e-04
4.166999132412642e-05
1.346677190894223e-05
1.892939882788363e-04
2.956109367145126e-05
1.549626084882620e-05
8.480298700264238e-05
2.609317525269754e-05
2.868063962873766e-04
1.346677190894223e-05
3.465579319663571e-04
4.243404403901202e-07
2.128996877009148e-05
1.116731241712237e-04
1.660482240531030e-05
1.722165640090068e-05
6.086076998262372e-05
3.407996592744264e-05
1.095918316090622e-05
1.658254719944157e-05
3.664502083859579e-05
1.850876835540383e-04
3.407996592744264e-05
3.664502083859579e-05
2.034414401590473e-03
2.788502717578390e-05
1.107601079441886e-04
2.044502697676449e-04
1.200193488183477e-03
2.977998876192038e-04
1.107600936408996e-04
9.030845051668476e-06
9.321226282768574e-04
2.512499142688863e-05
5.499014889846181e-04
1.944231845150983e-07
1.756856841078771e-04
4.995430453329957e-05
2.128996877009148e-05
5.558977453778338e-05
1.692001240869957e-04
2.417406807727932e-04
2.249298744491217e-05