1.186900000245554e+02
2.750000002970000e+01
5.875000001300000e+01
2.075000000427500e+02
2.750000000675000e+01
9.331380004299503e+01
1.054858620103332e+02
1.187500000243750e+02
1.187500009262500e+02
8.800000002365002e+01
1.454782500536727e+03
1.186900000245554e+02
1.187500000243750e+02
1.187500009262500e+02
7.562500002117500e+01
7.562500002117500e+01
8.800000002365002e+01
8.800000002365002e+01
1.454782500536727e+03
7.562500002117500e+01
1.530407500557902e+03
1.542782500560377e+03
6.875000001500001e+01
8.000000001724999e+01
2.885121838215155e+02
2.885121840309569e+02
2.885121838215155e+02
2.885121840309569e+02
2.885121838215155e+02
2.885121840309569e+02
2.885121838215155e+02
2.885121840309569e+02
2.791221680654619e+04
5.113750001965249e+02
8.800000002365002e+01
5.237500001989998e+02
8.715000003506997e+02
8.800000002365002e+01
4.357500001753498e+02
8.800000002365002e+01
8.715000003506997e+02
7.562500002117500e+01
7.562500002117500e+01
7.562500002117500e+01
1.743000000701399e+03
8.715000003506997e+02
8.715000003506997e+02
4.357500001753498e+02
5.819130002541628e+03
2.720000000688499e+02
2.337500000612000e+02
9.350000004290000e+01
9.331380004299515e+01
1.054858620103334e+02
1.186900000245554e+02
4.037500000879749e+02
3.527500000777749e+02
4.037500000879749e+02
8.800000002365002e+01
4.037500000879749e+02
1.186900000245554e+02
4.037500000879749e+02
3.527500000777749e+02
7.562500002117500e+01
7.562500002117500e+01
8.800000002365002e+01
8.800000002365002e+01
7.562500002117500e+01
7.562500002117500e+01
8.800000002365002e+01
9.350000004290000e+01
1.997500001504000e+02